11101111001000110011101000110011110011011100010111101100011010111100100101000010111101000000101111111101
11100001001011110011010100001111011100000111010011000111101000011111000111010110111101000011011111111101
11100011110011111011101100110011010000111100001000000111000011010000111011101011010011110011101111111101
00111001001011010000010111101010111111101011100100001000111111100000101001000011110111101011111111111101
00101110111111100100001011000101000001000011010100111100010011101011011000101101000000100100101011111101
11100011001010111011111100001000000100001100011110111000000011000111001000000111110000011011100111111101
11010000111011010111100000111000010000011111010111101000000011110111000011011001000011101000111111111101
00001100100111111000000101000100001000101011000100111011110000101011010111011111110100000000010011111101
10111100111100101111110011111101000000100101000000010011010000110000111011010011111000000001000111111101
11000111100000111111010111011011000111011000110000101000111000110000110110111111001111110000000011111101
00101000101011111000000101001001001011010011110011111000110000000111101000000111100111100111011111111101
11011111101100001000000001001001001011101000110000101111111111011100111100001010111101000011000011111101
