11010111010011110011101000101000011011110000011111010111001001001000100000000011100100111100011111111101
01001000110011000100110000101000011100111111011000000000110101000000000100011110111011000000100011111101
11100100001010111000011000001011100100010000011000111011010000101100100011010111000111100010111011111101
11011011110111011000110111011100010010111001001000000111011100000011001011011111110000100000000111111101
00111100010011111011001111000000110011111000100111000000001100111100010111001000000100111100010111111101
11100000000000011000010111001000101001000011011000111111110011100000011100010111110110111001000011111101
00111011010100001001001000010001000100010000111100010000001001000000111111010000110011100000100011111101
11010011110100001011000000001011000111111010111011110111001110111111111100010101001011000010111111111101
00011111010000101010111000011100010000101011000001001000100100001111100111100001000110111111001011111101
01000011110111000011110111011111010001000111000011001000001111110011010000011111111100111000001011111101
01000100010111000110111011101100100000010100111100111100011011110100001011001100101000000111100011111101
00000100101010111000110111101111010100001110111000100100000000011100000000001000101011011011011011111101
