01000100010000010111110011001000001010111111010010111100011011100000100011111111011100011000111111111101
00110110110110100101001001111111010001101110000110110001000100001011010101111001100101111101010111111100
11110000001011011000111011110000110000100111101011110011010011010010111011000000010000000011101111111101
11010001001000100100111111101100101111011011001001000000101000110011010100000101000110111011001011111101
00111011011111011111000100100000001100110100111001000011111000001010111111110111111111111000011011111101
00111110111111000100100100000011111111001100110111110001000100101011000101001011000111011100101011111101
11100111000011111100000000000011011000100111100010111011001011011100110100010111100111010000100011111101
10111000101100010100001011001000011011110011101001000000100100101101000100101000001100110000111111111101
01001001011111101100100101011100010111010100010000011110101010011001111011011100001111100011100011111100
11000100100100110000111110111000010111010000111100011000001011010100001111100010111101000111011011111101
10010000001111010111001111101111111010001111101101100010101010111100111101111011101100001111011011111100
00110000110100011011110000000010111111101011101010111000010000111011011111100101000000110011000111111101
