00100011110110111001000000100111111100100111100010111000001100111111011111001100101111110111110011111101
11011111000111111011111001001000011111001001000100011100111101000111000011000111001111110100110111111101
00100111001011111111100111010110111000000000000000010001000100111011011110111100100011100111110111111101
11000100000111101101001000010000111011001011111011011100010011001000100000110111000111110110111011111101
11000001001100111000111010000111110001000000100010011010011100100100010010010001111101000000100011111100
00000000000011111111001111101001000111101001000011011100111000100111000001000011011111100111010011111101
10111100000111001000111111111100101111110011110001000011000111111011011100111100001011000100010111111101
00010001000100101011010100101011010000000111110110111011111100111011001000011000110100011000111011111101
00100011010000001011101000111000100100110111011000001100011111011111110100111011100111110101000111111101
11011011111111011100000001001000100011110101000111001110111001000000011010111010111000001111110011111101
11000000110000101000111101001000011011101000011111111111100111001111000111111001000011010111100111111101
10011101001010010001111101100010100100001001101001110111011000010010111001001001110011000100101111111100
