11010111010100110100001001000000011111110010111011110101000000000001000001000011011100110100110111111100
00000110111111100101000100011100001100001000111100111111001100111100010100111100000000100000010011111100
00111100000100110000110000110000000011010001001000000101001000101000100101000111101011100011011111111100
11001101000000011000100011000111001100100000011011110000011011000000000011011100111100101000110111111100
11011011011100100100111000011100010100101100011110111100110100110011010011000100001100111100110011111100
11010011011111011011001000101011011000101100111000011100000011010000101100000111010001001011011111111100
00111011110011101100110001000100010100111111101100010100010011001100010100110110111111001100101011111100
00100101000100010000001000011100001100100011110000110100010100001010111000110011101011111000001111111100
11011111101101000100001000001011011011101000000000000100000111111111101001000111001111111011011011111100
00101010111111010101000010111111101111011100011111111011011111100100000100000100010100000000011011111100
11000111001100001000101001000100101111101000011000000001000100011011001100011100011000111100010011111100
00110001000011000011100111111100111011110111010011011111110011000100000100000111110100110101000111111100
