00000000000000000000000000000000000000000000000000000000000000000000000000000000000000000000000010000011
00000000000000000000000000000000000000000000000000000000000000000000000000000000000000000000000010000011
00000000000000000000000000000000000000000000000000000000000000000000000000000000000000000000000010000011
00000000000000000000000000000000000000000000000000000000000000000000000000000000000000000000000010000011
00000000000000000000000000000000000000000000000000000000000000000000000000000000000000000000000010000011
00000000000000000000000000000000000000000000000000000000000000000000000000000000000000000000000010000011
00000000000000000000000000000000000000000000000000000000000000000000000000000000000000000000000010000011
00000000000000000000000000000000000000000000000000000000000000000000000000000000000000000000000010000011
00000000000000000000000000000000000000000000000000000000000000000000000000000000000000000000000010000011
00000000000000000000000000000000000000000000000000000000000000000000000000000000000000000000000010000011
00000000000000000000000000000000000000000000000000000000000000000000000000000000000000000000000010000011
00000000000000000000000000000000000000000000000000000000000000000000000000000000000000000000000010000011
