01000001000001000001000001000001000001000001000001000001000001000001000001000001000001000001000000000001
01000001000001000001000001000001000001000001000001000001000001000001000001000001000001000001000000000001
01000001000001000001000001000001000001000001000001000001000001000001000001000001000001000001000000000001
01000001000001000001000001000001000001000001000001000001000001000001000001000001000001000001000000000001
01000001000001000001000001000001000001000001000001000001000001000001000001000001000001000001000000000001
01000001000001000001000001000001000001000001000001000001000001000001000001000001000001000001000000000001
01000001000001000001000001000001000001000001000001000001000001000001000001000001000001000001000000000001
01000001000001000001000001000001000001000001000001000001000001000001000001000001000001000001000000000001
01000001000001000001000001000001000001000001000001000001000001000001000001000001000001000001000000000001
01000001000001000001000001000001000001000001000001000001000001000001000001000001000001000001000000000001
01000001000001000001000001000001000001000001000001000001000001000001000001000001000001000001000000000001
01000001000001000001000001000001000001000001000001000001000001000001000001000001000001000001000000000001
